重置
1            :55 55 08 03 01 20 03 01 EE 02
2            :55 55 08 03 01 20 03 02 DC 05
3            :55 55 08 03 01 20 03 03 DC 05
4            :55 55 08 03 01 20 03 04 33 02
5            :55 55 08 03 01 20 03 05 DC 05
6            :55 55 08 03 01 20 03 06 DC 05
----------------------------------------------
夾取動作(中)
夾           :55 55 08 03 01 20 03 01 D0 07
上           :55 55 08 03 01 20 03 04 DC 05
到履帶       :55 55 08 03 01 20 03 06 C4 09
下           :55 55 08 03 01 20 03 04 F4 01
放           :55 55 08 03 01 20 03 01 EE 02
回歸         :55 55 08 03 01 20 03 04 DC 05
             :55 55 08 03 01 20 03 06 DC 05
             :55 55 08 03 01 20 03 04 F4 01
-----------------------------------------------
夾取動作(右)
向右         :55 55 08 03 01 20 03 06 65 04  
夾           :55 55 08 03 01 20 03 01 D0 07
上           :55 55 08 03 01 20 03 04 DC 05
到履帶       :55 55 08 03 01 20 03 06 C4 09
下           :55 55 08 03 01 20 03 04 F4 01
放           :55 55 08 03 01 20 03 01 EE 02
回歸         :55 55 08 03 01 20 03 04 DC 05
             :55 55 08 03 01 20 03 06 DC 05
             :55 55 08 03 01 20 03 04 F4 01
------------------------------------------------
夾取動作(左)
向左         :55 55 08 03 01 20 03 06 53 07  
夾           :55 55 08 03 01 20 03 01 D0 07
上           :55 55 08 03 01 20 03 04 DC 05
到履帶       :55 55 08 03 01 20 03 06 C4 09
下           :55 55 08 03 01 20 03 04 F4 01
放           :55 55 08 03 01 20 03 01 EE 02
回歸         :55 55 08 03 01 20 03 04 DC 05
             :55 55 08 03 01 20 03 06 DC 05
             :55 55 08 03 01 20 03 04 F4 01






















































